1.424944	-0.020036	0.4
1.423617	-0.00522	0.4
1.421229	0.004836	0.4
1.417828	0.014379	0.4
1.413357	0.02376	0.4
1.408038	0.032653	0.4
1.401971	0.041073	0.4
1.39502	0.049273	0.4
1.387469	0.056667	0.4
1.379442	0.063001	0.4
1.3706	0.068446	0.4
1.360893	0.07289	0.4
1.351013	0.076016	0.4
1.341012	0.077937	0.4
1.330568	0.078795	0.4
1.320347	0.078634	0.4
1.310064	0.077445	0.4
1.299989	0.07514	0.4
1.290465	0.071733	0.4
1.281491	0.067226	0.4
1.273067	0.061617	0.4
1.265164	0.054928	0.4
1.257778	0.047571	0.4
1.251013	0.039969	0.4
1.244614	0.031965	0.4
1.238566	0.023636	0.4
1.232856	0.015043	0.4
1.227471	0.006256	0.4
1.222716	-0.002059	0.4
1.217212	-0.011482	0.4
1.211801	-0.02016	0.4
1.20588	-0.029095	0.4
1.199427	-0.03822	0.4
1.192832	-0.046922	0.4
1.186093	-0.055201	0.4
1.179212	-0.063057	0.4
1.172187	-0.07049	0.4
1.164566	-0.077919	0.4
1.156322	-0.085269	0.4
1.147897	-0.092084	0.4
1.139291	-0.098363	0.4
1.130486	-0.104111	0.4
1.121392	-0.109344	0.4
1.111983	-0.114068	0.4
1.102259	-0.118283	0.4
1.09222	-0.121988	0.4
1.081866	-0.125185	0.4
1.071198	-0.127872	0.4
1.060836	-0.129947	0.4
1.050824	-0.131481	0.4
1.040563	-0.132613	0.4
1.030054	-0.133342	0.4
1.01934	-0.133669	0.4
1.00931	-0.133607	0.4
0.998814	-0.133124	0.4
0.988012	-0.132161	0.4
0.977411	-0.130729	0.4
0.96701	-0.128826	0.4
0.956809	-0.126453	0.4
0.946808	-0.123609	0.4
0.937007	-0.120295	0.4
0.927406	-0.11651	0.4
0.918017	-0.112259	0.4
0.908903	-0.10756	0.4
0.900089	-0.102421	0.4
0.891576	-0.096842	0.4
0.883363	-0.090823	0.4
0.87545	-0.084364	0.4
0.867837	-0.077465	0.4
0.860525	-0.070126	0.4
0.853513	-0.062347	0.4
0.846803	-0.054131	0.4
0.840419	-0.045513	0.4
0.834375	-0.036514	0.4
0.828921	-0.027572	0.4
0.824016	-0.01873	0.4
0.819394	-0.009574	0.4
0.815052	-0.000103	0.4
0.810992	0.009683	0.4
0.807213	0.019783	0.4
0.803715	0.030198	0.4
0.800653	0.040373	0.4
0.798008	0.050211	0.4
0.795617	0.060217	0.4
0.793482	0.070391	0.4
0.7916	0.080732	0.4
0.789974	0.09124	0.4
0.788602	0.101916	0.4
0.787485	0.11276	0.4
0.786622	0.123771	0.4
0.786039	0.134322	0.4
0.785699	0.144391	0.4
0.785562	0.154156	0.4
0.785632	0.166025	0.4
0.785901	0.17673	0.4
0.786366	0.187251	0.4
0.787027	0.197588	0.4
0.787884	0.207741	0.4
0.789087	0.21894	0.4
0.790709	0.231114	0.4
0.792637	0.243001	0.4
0.794871	0.254601	0.4
0.797411	0.265913	0.4
0.800257	0.276938	0.4
0.803409	0.287676	0.4
0.806868	0.298127	0.4
0.810632	0.30829	0.4
0.814702	0.318165	0.4
0.819078	0.327754	0.4
0.823761	0.337054	0.4
0.828749	0.346068	0.4
0.834044	0.354794	0.4
0.839644	0.363233	0.4
0.84555	0.371385	0.4
0.852373	0.379983	0.4
0.860094	0.388845	0.4
0.868096	0.397144	0.4
0.876377	0.404881	0.4
0.884938	0.412055	0.4
0.89378	0.418666	0.4
0.902901	0.424715	0.4
0.912301	0.430201	0.4
0.921982	0.435124	0.4
0.931943	0.439485	0.4
0.942184	0.443283	0.4
0.952704	0.446518	0.4
0.963505	0.449191	0.4
0.974585	0.451301	0.4
0.985945	0.452848	0.4
0.997585	0.453833	0.4
1.009401	0.454256	0.4
1.02015	0.454184	0.4
1.031007	0.453706	0.4
1.041552	0.452827	0.4
1.051784	0.451545	0.4
1.06231	0.449738	0.4
1.073074	0.447335	0.4
1.083444	0.444422	0.4
1.093418	0.441001	0.4
1.102996	0.437071	0.4
1.11218	0.432632	0.4
1.120968	0.427684	0.4
1.129368	0.422227	0.4
1.13754	0.416261	0.4
1.145644	0.409786	0.4
1.153689	0.402801	0.4
1.161673	0.395307	0.4
1.169159	0.387765	0.4
1.176155	0.380248	0.4
1.183103	0.372329	0.4
1.190004	0.364007	0.4
1.196856	0.355283	0.4
1.203238	0.346742	0.4
1.209156	0.338448	0.4
1.21541	0.329293	0.4
1.221256	0.321002	0.4
1.22739	0.312918	0.4
1.233793	0.304956	0.4
1.240426	0.297273	0.4
1.247448	0.289833	0.4
1.254985	0.282735	0.4
1.263069	0.276352	0.4
1.271895	0.271196	0.4
1.281368	0.267457	0.4
1.291421	0.265034	0.4
1.301725	0.263857	0.4
1.312148	0.263749	0.4
1.323036	0.264592	0.4
1.333513	0.266387	0.4
1.343558	0.269135	0.4
1.353169	0.272835	0.4
1.362347	0.277488	0.4
1.371092	0.283094	0.4
1.379403	0.289652	0.4
1.387145	0.29704	0.4
1.393935	0.30491	0.4
1.399899	0.313531	0.4
1.404929	0.322946	0.4
1.408775	0.332849	0.4
1.41137	0.342858	0.4
1.412822	0.352926	0.4
1.413257	0.363372	0.4
1.412734	0.373953	0.4
1.411379	0.384308	0.4
1.409282	0.394434	0.4
1.406412	0.40474	0.4
1.402939	0.414785	0.4
1.398947	0.424548	0.4
1.394534	0.434008	0.4
1.389776	0.443146	0.4
1.384485	0.452393	0.4
1.378695	0.461606	0.4
1.372754	0.470259	0.4
1.366723	0.478366	0.4
1.360303	0.486386	0.4
1.353495	0.494318	0.4
1.346298	0.502162	0.4
1.338712	0.509919	0.4
1.330738	0.517588	0.4
1.322853	0.524752	0.4
1.315113	0.531422	0.4
1.307066	0.538021	0.4
1.298721	0.544496	0.4
1.29009	0.550784	0.4
1.281172	0.556881	0.4
1.27197	0.562787	0.4
1.262481	0.568502	0.4
1.252706	0.574027	0.4
1.243286	0.579035	0.4
1.234264	0.583556	0.4
1.225023	0.587931	0.4
1.215564	0.592159	0.4
1.205885	0.596242	0.4
1.195988	0.600179	0.4
1.185872	0.60397	0.4
1.175547	0.607601	0.4
1.165065	0.611001	0.4
1.154441	0.61415	0.4
1.143675	0.617046	0.4
1.132767	0.619691	0.4
1.121718	0.622084	0.4
1.110526	0.624225	0.4
1.099193	0.626114	0.4
1.087717	0.627751	0.4
1.076936	0.629049	0.4
1.066875	0.630051	0.4
1.056709	0.630868	0.4
1.046438	0.631501	0.4
1.036064	0.631948	0.4
1.025585	0.63221	0.4
1.015244	0.632287	0.4
1.003121	0.63217	0.4
0.991898	0.631866	0.4
0.980802	0.631375	0.4
0.969831	0.630698	0.4
0.958988	0.629834	0.4
0.94827	0.628782	0.4
0.937679	0.627544	0.4
0.927214	0.626119	0.4
0.916876	0.624507	0.4
0.906664	0.622708	0.4
0.896578	0.620722	0.4
0.886619	0.61855	0.4
0.876786	0.61619	0.4
0.865878	0.613308	0.4
0.853942	0.609833	0.4
0.842204	0.606066	0.4
0.830663	0.602007	0.4
0.81932	0.597656	0.4
0.808174	0.593013	0.4
0.797225	0.588077	0.4
0.786474	0.58285	0.4
0.77592	0.577331	0.4
0.765566	0.571523	0.4
0.755437	0.565454	0.4
0.745548	0.559144	0.4
0.735899	0.552591	0.4
0.726491	0.545795	0.4
0.717322	0.538757	0.4
0.708393	0.531477	0.4
0.699704	0.523955	0.4
0.691255	0.51619	0.4
0.683046	0.508183	0.4
0.675077	0.499934	0.4
0.667348	0.491442	0.4
0.65986	0.482709	0.4
0.652611	0.473732	0.4
0.645602	0.464514	0.4
0.638833	0.455053	0.4
0.632305	0.44535	0.4
0.626016	0.435404	0.4
0.619967	0.425216	0.4
0.614158	0.414786	0.4
0.60859	0.404115	0.4
0.603277	0.393243	0.4
0.598233	0.382207	0.4
0.593459	0.37101	0.4
0.588954	0.359652	0.4
0.584719	0.348132	0.4
0.580754	0.336451	0.4
0.577059	0.324608	0.4
0.57396	0.313814	0.4
0.571392	0.304108	0.4
0.568997	0.294298	0.4
0.566774	0.284385	0.4
0.564724	0.274369	0.4
0.562847	0.26425	0.4
0.561142	0.254027	0.4
0.55961	0.243701	0.4
0.55825	0.233272	0.4
0.557064	0.222739	0.4
0.556049	0.212103	0.4
0.555208	0.201364	0.4
0.554539	0.190522	0.4
0.554043	0.179576	0.4
0.553719	0.168527	0.4
0.553568	0.157375	0.4
0.553604	0.144908	0.4
0.553851	0.132632	0.4
0.554311	0.120506	0.4
0.554983	0.108529	0.4
0.555867	0.096703	0.4
0.556963	0.085026	0.4
0.558271	0.0735	0.4
0.559791	0.062123	0.4
0.561523	0.050896	0.4
0.563468	0.039819	0.4
0.565625	0.028892	0.4
0.567993	0.018114	0.4
0.570574	0.007487	0.4
0.573367	-0.00299	0.4
0.576373	-0.013318	0.4
0.57959	-0.023495	0.4
0.583019	-0.033523	0.4
0.586661	-0.043401	0.4
0.590515	-0.053129	0.4
0.59458	-0.062707	0.4
0.598858	-0.072135	0.4
0.603348	-0.081413	0.4
0.608051	-0.090541	0.4
0.612965	-0.09952	0.4
0.618092	-0.108348	0.4
0.62343	-0.117027	0.4
0.628981	-0.125555	0.4
0.634744	-0.133934	0.4
0.640719	-0.142163	0.4
0.646906	-0.150242	0.4
0.653305	-0.158171	0.4
0.659916	-0.16595	0.4
0.66674	-0.173579	0.4
0.673775	-0.181057	0.4
0.680998	-0.18835	0.4
0.688386	-0.195425	0.4
0.695939	-0.20228	0.4
0.703657	-0.208914	0.4
0.711539	-0.215329	0.4
0.719586	-0.221524	0.4
0.727797	-0.227498	0.4
0.736173	-0.233253	0.4
0.744713	-0.238788	0.4
0.753418	-0.244103	0.4
0.762287	-0.249198	0.4
0.771321	-0.254074	0.4
0.78052	-0.258729	0.4
0.789883	-0.263164	0.4
0.799411	-0.26738	0.4
0.809103	-0.271375	0.4
0.818959	-0.27515	0.4
0.82898	-0.278706	0.4
0.839166	-0.282042	0.4
0.849517	-0.285157	0.4
0.860031	-0.288053	0.4
0.870711	-0.290729	0.4
0.881555	-0.293185	0.4
0.892563	-0.295421	0.4
0.903736	-0.297437	0.4
0.915074	-0.299233	0.4
0.926576	-0.300809	0.4
0.938242	-0.302166	0.4
0.950074	-0.303302	0.4
0.962069	-0.304218	0.4
0.97423	-0.304915	0.4
0.986554	-0.305391	0.4
0.999044	-0.305648	0.4
1.012408	-0.30568	0.4
1.024206	-0.305505	0.4
1.035862	-0.305139	0.4
1.047374	-0.304582	0.4
1.058744	-0.303834	0.4
1.069971	-0.302895	0.4
1.081054	-0.301765	0.4
1.091995	-0.300444	0.4
1.102793	-0.298931	0.4
1.113448	-0.297228	0.4
1.12396	-0.295334	0.4
1.134329	-0.293249	0.4
1.144556	-0.290973	0.4
1.154639	-0.288505	0.4
1.164579	-0.285847	0.4
1.174377	-0.282998	0.4
1.184031	-0.279958	0.4
1.194313	-0.276465	0.4
1.205142	-0.272535	0.4
1.215707	-0.268439	0.4
1.226008	-0.264176	0.4
1.236046	-0.259746	0.4
1.245821	-0.25515	0.4
1.255333	-0.250387	0.4
1.26458	-0.245457	0.4
1.273565	-0.240361	0.4
1.282286	-0.235099	0.4
1.291334	-0.229273	0.4
1.300656	-0.22285	0.4
1.309633	-0.21621	0.4
1.318267	-0.209352	0.4
1.326558	-0.202321	0.4
1.334509	-0.195217	0.4
1.342122	-0.188055	0.4
1.349396	-0.180834	0.4
1.35675	-0.173097	0.4
1.364124	-0.164834	0.4
1.371068	-0.156496	0.4
1.377584	-0.148085	0.4
1.383671	-0.1396	0.4
1.389329	-0.131041	0.4
1.394559	-0.122409	0.4
1.39961	-0.113221	0.4
1.404429	-0.103573	0.4
1.408743	-0.094038	0.4
1.412725	-0.084152	0.4
1.416305	-0.073933	0.4
1.419274	-0.063854	0.4
1.421633	-0.053916	0.4
1.423441	-0.043679	0.4
1.424527	-0.034462	0.4
1.424944	-0.020036	0.4
